
摘要報告

 
http://python-40123124.rhcloud.com/get_page?heading=%3Cspan%3E%E6%9C%9F%E4%B8%AD%E8%80%83%3C/span%3E




請以三組共 9 個人的情況下(座位為 3×3 配置)，分析2014s_week3的協同設計題目，如何配置座位可以得到團隊的最大配分。

假如將組別擴大為五組共 15 人的情況下(座位為 4×4 配置，則團隊座位安排後的最大配合又是多少?

**必選題解題**

3*3 座位有 362880 種變化(9*8*7*6*5*4*3*2*1)，按照題目所說的計算方式 有 2591 + 1 種到達最高分 96 分的排列方式。

上述是按照單點的方式觀察其變化，但是如果以三角形形狀觀點不管如何變在 3*3只有 84種三角形。

再度討論排序問題所有排序答案應該在此才對總共 12 種

([(0, 0), (1, 1), (2, 2)], [(0, 1), (1, 2), (2, 0)], [(0, 2), (1, 0), (2, 1)])
([(0, 0), (1, 1), (2, 2)], [(0, 2), (1, 0), (2, 1)], [(0, 1), (1, 2), (2, 0)])
([(0, 0), (1, 2), (2, 1)], [(0, 1), (1, 0), (2, 2)], [(0, 2), (1, 1), (2, 0)])
([(0, 0), (1, 2), (2, 1)], [(0, 2), (1, 1), (2, 0)], [(0, 1), (1, 0), (2, 2)])
([(0, 1), (1, 0), (2, 2)], [(0, 0), (1, 2), (2, 1)], [(0, 2), (1, 1), (2, 0)])
([(0, 1), (1, 0), (2, 2)], [(0, 2), (1, 1), (2, 0)], [(0, 0), (1, 2), (2, 1)])
([(0, 1), (1, 2), (2, 0)], [(0, 0), (1, 1), (2, 2)], [(0, 2), (1, 0), (2, 1)])
([(0, 1), (1, 2), (2, 0)], [(0, 2), (1, 0), (2, 1)], [(0, 0), (1, 1), (2, 2)])
([(0, 2), (1, 0), (2, 1)], [(0, 0), (1, 1), (2, 2)], [(0, 1), (1, 2), (2, 0)])
([(0, 2), (1, 0), (2, 1)], [(0, 1), (1, 2), (2, 0)], [(0, 0), (1, 1), (2, 2)])
([(0, 2), (1, 1), (2, 0)], [(0, 0), (1, 2), (2, 1)], [(0, 1), (1, 0), (2, 2)])
([(0, 2), (1, 1), (2, 0)], [(0, 1), (1, 0), (2, 2)], [(0, 0), (1, 2), (2, 1)])

之前所說到的 2592 種變化都是最高分排列要考慮到組員位置重複，如

[(0, 2), (1, 1), (2, 0)]
[(2, 0), (1, 1), (0, 2)]

這樣也算是一種變化，但是其組別產生的位置和形狀不變一個，由三個位置產生的三角形可以產生 6 種變化 A B C 點互換其問題是由三個三角形產生 6*6*6 兩百一十六種變化由同一圖形12種答案與216種變化相乘等於2592。

**結果討論**

想想才 3 X 3 就有 362880 種變化，4 X 4 幾乎是超大….. 應該不是用單點的方式一一驗證，應該是用圖形比如在 3 X 3圖形中能夠產生什麼樣的三角形再來進行配對以及驗證分數。